0.6124312955183455
2.59508518703
0.6039901533377319
1.82131769215
0.7344939464702525
1.50250960987
0.38741767761698376
0.150741738571
0.47213610267370104
2.81489910509
0.5705982951293092
4.26291370835
0.2922785800339602
4.75482348619
0.42117017779211285
2.38666523039
0.4473177378722099
4.41401182096
0.6397707617823328
2.92314808194
0.5476911845630668
1.22119985122
0.5627292828693518
0.124591465987
0.5352849032607125
2.75120460193
0.33804732675121335
3.80022384299
0.3536762128420236
2.97012364031
0.5654867244786423
0.0776574036172
0.7458237895830359
3.32568168682
0.7363964802968102
0.242066530097
0.5379697509976094
0.807499075162
0.5785520805208397
2.66774984726
0.6738013798344827
0.180048447733
0.4991597914438508
1.21030072362
0.7323630214228761
2.89669618254
0.5226158944392649
0.360792334395
0.6967464023445438
4.08017519574
0.2998720791718135
4.67144837183
0.3042638566446528
1.36210835869
0.5676555448753997
3.98448676596
0.70304717157155
1.72274900379
0.5420057283788915
0.972454628339
0.3703633696658479
2.61629736426
0.40100624432277066
3.14596485044
0.5198068976734903
0.275635523647
0.5196985931272401
0.615355498309
0.4749209206207401
4.8966012754
0.42353271472962045
1.93047906295
0.3125834008289083
4.94847737899
0.48783861500162945
0.942193053901
0.5064345823090074
3.95876376611
0.42954633891146027
0.708337850632
0.6874658877104081
3.64493826543
0.6760664493949847
3.44490820223
0.6650859954674357
3.36806898005
0.2996216488008705
1.73269453612
0.3386615670413941
2.41058594743
0.41275341847124103
4.75494828511
0.3019229342302659
4.35014403355
0.47625668351179296
4.01471867619
0.48461522317530564
4.95370422349
0.598865615255163
3.53209021028
0.6820209641912227
3.70017820442
0.5348520888922026
1.10889511343
0.3839487515448525
2.20850432469
0.4811784289363462
2.27927373351
0.47262268390798967
3.68055369873
0.6902852089734393
0.150823518203
0.704231030686189
2.37068416029
0.7126007857616661
3.37273768561
0.5776671148764756
3.30186530444
0.505019877990821
2.61286961298
0.3060150796806572
0.494129160443
0.727496059145829
1.73273155235
0.3965830171903054
0.745712895765
0.4117324157654343
4.47138963396
0.4947348601015618
2.03704396762
0.36475207913570734
1.16051681954
0.5340739955989102
3.9145887199
0.4549784204192557
3.22829634199
0.325316721473923
2.02333960343
0.30739089608720627
3.7552428594
0.6313306462289406
1.00072365103
0.4355600149586458
3.53049994242
0.7241758934636338
0.322579139672
0.5007262803640188
0.254456219114
0.4892019880635817
3.57478218855
0.6911841039764208
2.94224096699
0.5078502654774314
1.23226695955
0.29232743192859695
2.67959879055
0.5028349903395841
3.26672779181
0.32728934631282425
4.19805398195
0.4767686147279179
3.06634795057
0.3107389751696435
1.67266537507
0.46767769482366156
3.70291248449
0.7289709453942121
3.7888394717
0.2720785656545799
1.60750239639
0.6602804995116793
0.113613129797
0.4027864535515177
1.44813744575
0.4505292535950341
2.98524044393
0.518333870945753
2.88203967642
0.5733483717558892
2.6893364781
0.5060574485377574
4.82688150937
0.4559290584557613
3.66619534758
0.539843851285746
3.11673225599
0.4426921049028336
2.00058261302
0.4770180966737882
2.04325064038
0.7231034862029015
3.59200867466
0.5542073120806802
3.06899259002
0.308031649588628
1.70224261414
0.7116404402175953
0.351564464847
0.30152055677970796
1.31691006712
0.5865181050776691
2.25131751224
0.7152113284218025
4.66057069992
0.6881870112023476
2.1907459984
0.34387083056545686
2.96018268235
0.3838051945627854
1.16178172077
0.2646898498610659
1.50129985277
0.4549131965532164
4.40562003438
0.6763664500294062
4.47144237889
0.5655461203615275
2.9298259712
0.6773485858666584
1.00890683607
0.36492070264004006
3.70917242468
0.6152733555287792
2.22848671491
0.31494402582788145
2.99390757754
0.6559285275624602
2.57569213124
0.3281441814472425
2.71173456745
0.6227145795000166
3.32913018663
0.6117677290832837
2.10751974095
0.682097431693691
2.22088629542
0.6606271300074229
3.09090636952
0.3237530024529045
3.48287205444
0.4843767948402905
4.64171736814
0.4801013807025727
1.52086621629
0.46716013853740923
3.19122859789
0.26962048706613023
0.0434571784954
0.6880053762519256
3.77436489291
0.5579538278897969
2.35092197283
0.26319901588542377
2.80780015179
0.3063873127436645
4.79452044531
0.39180674355629097
3.97059500168
0.6657510231531177
4.65522414318
0.6412904230884936
1.83112327972
0.6410705968446698
1.78843902974
0.44875127057142156
2.1891458235
0.555627923875138
2.84595271312
0.3594874363576315
0.485120290057
0.6254686630657115
1.22162190161
0.4377286831091739
2.53550286194
0.39151249384598
3.62348795902
0.5322492843396727
1.57462564463
0.6961724426410744
3.28350888704
0.6411605522271825
2.87199467233
0.4353459779313594
2.29052648133
0.5866291152722976
3.93367427901
0.5557413705883725
2.24257744226
0.5647966504444935
4.00671545832
0.3362365382184189
0.964876442692
0.41482937341239334
2.02950202435
0.6188166217564263
0.237692013511
0.4032712789635085
4.15712993706
0.5719058296797033
4.52164876584
0.2981444948843249
4.74543170858
0.2917275316214304
3.79236779212
0.540211317061634
1.79173586554
0.4903342437453989
3.59588932223
0.7449322292728606
3.60600682511
0.6801038273815216
3.77247468889
0.569147638352902
0.919419026826
0.6253794972106019
0.97497331221
0.6047176943354815
0.226710760539
0.5965097601077001
4.57171282424
0.6375201265614322
4.11627930636
0.39369496883698885
0.582673029624
0.45173323267548315
4.45407398993
0.2939792176087707
3.62603975731
0.45678220975320355
4.49625714223
0.3234470732108521
2.02908723696
0.4418050296706747
3.2490291733
0.5850533769833596
1.36068961308
0.6278546859727425
2.61385001052
0.5432224315506529
4.55038018171
0.5331278930867314
2.6062745852
0.6566866733291408
4.54903297581
0.48064428140591503
1.99867093332
0.3882661301588298
3.11384487574
0.3083068033862459
1.76310192681
0.3243290238847638
3.46531390427
0.47149431697967575
0.346980716388
0.38434438823041556
4.81634214117
0.3655697029941694
1.33266976484
0.6214165277526977
4.16163355637
0.47247558477919993
2.68038055991
0.30843244069090064
1.12488705079
0.6997439544857899
1.52808043882
0.7486932182274499
3.90785964012
0.535602853522798
1.1121274707
0.6528712249367363
1.46536712701
0.2603263372908952
2.55588560901
0.2757133139125096
2.08467140676
0.3124824767884384
4.27129454259
0.4170355783591491
4.69871231066
0.46465700190515863
4.06382069245
0.517855344057059
0.336583512913
0.6159332025432835
0.660786645831
0.4093582912834633
3.4869122774
0.7032291187876585
3.68208615609
0.5805570221246115
1.37961155905
0.6275708609371643
2.03356110903
0.7406327104854151
3.50885601859
0.3976014302416256
1.45601198783
0.29401955773831784
4.1203744909
0.3214903291786292
2.11973089042
0.3992230483737307
1.41568355581
0.5871815585528142
0.472270971387
0.6946428112112675
2.2865771697
0.7009130739456826
2.17603384038
0.382092380961596
2.5519183914
0.4560198509576712
4.26578835134
0.6507334482513947
1.21049478443
0.34535816105598305
0.426894379682
0.7050429425752835
4.2127094096
0.2978871747943763
2.96359501688
0.6535100633590756
2.09878256931
0.4843882612152037
1.70394279348
0.46872827782337667
2.96716367872
0.5781242704360129
3.12283158126
0.3626903815608113
4.28438188301
0.4489082293150053
0.0622753565825
0.5809906990949767
0.269010918842
0.559917391273852
2.40155595927
0.4085705957219832
1.22564392211
0.25261536936059475
4.9606149818
0.6278194034734634
1.48456725702
0.5565305951372608
0.0418223953019
0.6569502689710633
4.03018950889
0.6020301354357478
3.4535826996
0.29191877272129396
3.74752386789
0.3150014484268396
0.435253877065
0.47449669166948966
0.777308432627
0.6290409741377128
0.653999037451
0.3741087446743708
1.86307205483
0.5197601683093418
0.100321575315
0.5902121980526042
4.99302214332
0.331607817412861
0.473406063262
0.6930689188377741
1.30234177938
0.6870204236735112
2.54645605456
0.2635531916913087
3.98817128103
0.3235594756907636
1.62852089394
0.2688826293220525
2.87503743919
0.3944587414733713
3.45105812252
0.4865047796749528
2.74833702116
0.7157238711825998
3.23897112846
0.7014599282571534
2.77562723359
0.5976480686791827
4.43466076966
0.25226251822110785
3.69122419492
0.3012520313949681
0.582546060243
0.744745094701869
4.1092686226
0.6243002763901901
4.35628264081
0.48811823383021186
0.583375104725
0.3005307461878884
1.52078673273
0.4843945533963472
4.24539485581
0.6838546529964
4.81899080514
0.5523051420973791
3.30801847221
0.43147910896698166
1.93532748091
0.5360401701254273
1.34602526356
0.46017351604047296
1.44769410064
0.6122822785715405
4.36038133034
0.5895094990705723
2.00096191168
0.5164453903896176
1.74116995095
0.5394070602229889
0.277017146496
0.29819951458146354
4.6715377646
0.7186443140641141
2.22750491355
0.6800146226599084
3.97072619466
0.2796991549700564
4.74690330329
0.4169834847448808
3.9992350298
0.29208017708624356
2.99700912887
0.434821195687868
2.18435766744
0.5234560606929857
3.57293324861
0.40732200796671014
3.5388964627
0.4367893246076148
4.31487750031
0.5604243181813326
2.03927854488
0.4825376898643314
2.35907136086
0.4767219836987627
3.64933831451
0.6710866552856738
2.75794336554
0.46250241724206664
3.94347353
0.7136706606248686
2.78393630625
0.5099355605607137
2.14457447939
0.5308906710230434
3.46820976458
0.49223112295075466
2.95494899982
0.5015317951262419
4.08538519508
0.6523680220227225
3.0642987885
0.3381470497254038
4.56582745338
0.45457516576183254
0.15915686411
0.6009612354662699
0.258675692379
0.35293243933799323
2.15901995457
0.6169443327134512
2.93113079873
0.6707605120973786
0.406207772006
0.4142859291319778
0.675391898106
0.6823880368483062
0.573721371916
0.36844866112875796
2.75912296574
0.4623961283357878
2.68119293728
0.4066049913343647
4.31009989091
0.5768623947602383
2.21244285482
0.2712135234824416
1.67517968481
0.4814637643332975
1.31485995963
0.4716183704531945
1.55275801839
0.31497600637448175
2.26832318723
0.36936806436703173
4.70710779683
0.3601049717013316
0.267850753427
0.4754692416357211
3.6049061918
0.5356229335482064
4.03081480599
0.4562541364573885
2.72508116558
0.5002454435208946
4.57063337135
0.29073055491536276
1.74341977671
0.5274197036400432
4.77966264063
0.6093791683294927
3.44039313017
0.6633811371032476
2.09107886408
0.6612278963194809
1.03402977336
0.5925603819542152
4.56073973725
0.3612522347702425
4.58093842786
0.5700449561826411
0.400540291622
0.33272223999084816
4.81299164142
0.37888840171177024
0.466115772956
0.5064760463270004
3.27294041856
0.745902338190957
0.222656818862
0.3879129078639186
4.81766087773
0.3864573736931333
1.54643297112
0.3019045505619536
0.347303183888
0.4579393641884154
0.922088597322
0.38147543029698383
1.70982290135
0.5701398153030663
2.93009260403
0.6217180609410349
4.82546580317
0.7297906313972684
4.8553514638
0.7107611117062285
1.78949898084
0.6385267283536115
1.51258276922
0.46653110370903994
3.02316438153
0.6581947664203365
2.99042698778
0.25755259990609103
1.2946470891
0.5215534787539233
2.34333454143
0.32857310556849684
0.646822999994
0.4925884448770985
1.70096040278
0.5030276547746257
2.3416845098
0.41128171661173796
2.70227292004
0.6883700502575728
3.9558311736
0.5293994279896346
4.8642631613
0.5938063447623461
1.12617501577
0.45659903767496746
2.73377225676
0.5715204694886948
1.54038547646
0.35932677034760735
4.85813743512
0.3803053693501939
2.97543465862
0.3059514604259785
4.53584825349
0.48759330071775375
0.366888964488
0.34477578496627176
2.11729773837
0.39563374390417333
1.08577440225
0.32579611625866517
1.04725996224
0.2607389047366741
0.500195799744
0.2640163528700212
4.24445185278
0.6716761393959056
3.42004894793
0.3924800796228009
2.45742365315
0.6181707427581987
4.29325163421
0.4437937285479237
4.76669497249
0.6957603717005902
0.0274585537781
0.518430710072914
4.02014621536
0.3908069008512578
0.0125734954735
0.5936194033393034
0.0418671253825
0.4744182575820519
0.955406006826
0.48607011210303824
0.148558703917
0.35984594031642286
0.728386086277
0.27009875098249975
0.155228986431
0.5764640922683473
4.17320122325
0.2560187318936084
0.0539156910979
0.5856979543002825
4.2852178558
0.39398713213326214
3.24357872791
0.7080662485748981
3.50454023166
0.26532062874717843
2.50451170607
0.41061525380658614
3.3479825921
0.3645956085968927
3.61092685016
0.5736491203826091
0.411462546739
0.44057667549251184
2.1369182815
0.30673187447892697
1.72907040035
0.43366079216598247
2.29704453317
0.6257096327166137
4.66358143792
0.37307510535525396
0.131725952191
0.2817514786925503
0.811928571552
0.5089491597735103
1.35022519362
0.7370984746281732
0.116521170607
0.6850361415444955
4.08448217984
0.6566616017876018
0.575036261121
0.2617655221261614
0.994071636642
0.6116311459917614
4.18414707093
0.553010960341721
4.35139644699
0.5136643495767379
4.99145363494
0.7484928336550876
3.80528519933
0.6178448744806992
3.85540484122
0.3812191396237741
0.756878780659
0.6245140633982877
3.51618591475
0.45963040264324856
0.559935236954
0.5669961541032953
0.889215114243
0.47960486996546275
4.40585720658
0.2925922129736696
3.75928189201
0.647588044992448
4.09309480271
0.2655132944956261
1.08404666772
0.6606613998864047
0.412365984278
0.31858128884894904
1.17489045292
0.5950230667684906
1.61086097087
0.5520450966764909
0.594123761821
0.5312372386934773
1.99432422722
0.656432167431934
2.92719606638
0.3680458237503564
4.81521965056
0.2918859639936409
1.97400609517
0.27884207827152196
3.37287728056
0.28105283314235274
2.56698027491
0.38862528116046563
0.415355332149
0.584616341029107
4.92052922918
0.714718713387384
1.47839568277
0.418893855945504
1.39759916936
0.6081596797516584
3.27095924518
0.4054141406664335
0.35016771076
0.4565056545662291
2.29193182846
0.2743895158132804
1.16419919195
0.6927189944413831
1.59366389697
0.4991872289777103
4.26695535867
0.405278186777722
2.36187587181
0.5935658415059477
4.862302394
0.4684825025127513
1.0115674713
0.7099575129985851
4.77458573844
0.27236298573254025
2.17726218276
0.5820617736760314
2.01347172281
0.4349377137261909
0.0881088837996
0.6676476551999224
1.94968687393
0.37187065019139653
2.13576267463
0.4516998555692419
2.07489022046
0.25080840998471926
2.09215349479
0.383940067751264
1.02628953388
0.5794133291239518
0.437064616934
0.5380519053364053
0.374003741552
0.4786512168322458
4.77301648048
0.25330632900593636
3.15042185446
0.33481266710121027
4.99813399684
0.5736037766517699
0.419398852714
0.26740384900539443
2.94928576415
0.6963458494161102
1.43552293442
0.41668758559684815
0.180621155345
0.4202719798910567
2.24833487889
0.5444024077152696
2.61885874225
0.6539341728950387
2.60890558982
0.5163729395347125
1.32264361913
0.6561041937645249
0.247650313412
0.7457968756503488
2.17191082955
0.5634405587316593
2.89300268444
0.46160540483120044
2.4230629123
0.34253140311100844
4.66470019121
0.671745898782796
1.43064225355
0.420417350652428
0.467895085104
0.40309986748574583
1.12330350913
0.47922447175569816
0.824186962336
0.27283565836089
3.82078121928
0.41790534165547605
3.09032992591
0.454583989241028
3.72187511081
0.6594832879086363
1.78761577248
0.5097663763947966
1.53525052146
0.6941131042662829
0.3658533224
0.585158325942966
1.00059879234
0.6346906581435088
0.671263887224
0.45673395041036174
4.20014938664
0.2552192961560298
3.80203960173
0.32012053388460754
3.05757209258
0.35420793706761644
4.00630702663
0.7313142274903877
2.04477590864
0.6914531278816669
3.54066519587
0.3403267162744549
4.3564338046
0.42070095287455916
1.20983397702
0.561672149448361
0.239321024268
0.7008619605026911
1.63605511902
0.6026135011883289
4.41253631417
0.5678209074404732
3.7264651778
0.5248927020869583
2.14638270482
0.4579666130076532
4.1853516161
0.7236267271838344
0.626300206836
0.6125653045325103
2.434953655
0.5932348617821479
3.0588615162
0.32354824448354447
3.09949068686
0.7180070918414545
4.41435378864
0.2536354667217024
2.38082831543
0.7352008166059957
4.74058152411
0.5162517666961106
1.02374101109
0.3671342761958576
3.42869582496
0.44406599849776235
3.90895898303
0.3712716336396384
2.71707635379
0.4219698094807937
0.732973275937
0.6060877788697118
3.66977982524
0.6662830525274124
1.8658420514
0.4029735328848802
3.75563503186
0.7441586600038133
2.82099928311
0.5890288102970327
2.13355308305
0.39120210807430883
0.792541455843
0.7450611543542545
1.32914257623
0.38945090873672894
2.44863886161
0.37552636148499574
2.46589743321
0.6457263340680253
3.87897642124
0.37099132136140633
2.81619093117
0.7076013520600399
4.35566215073
0.5348503941769359
0.694274703754
0.671059303606454
3.86550131635
0.4392840830901688
2.23506033
0.6055711392144678
4.51531479263
0.3744131574093742
0.0373228255922
0.46298746813321107
3.14121141284
0.34337174920793645
1.94258432386
0.6521786567956631
0.589980241974
0.27857370465637743
3.07640091245
0.4532108110373645
4.37493356985
0.34459107238184816
2.12311381581
0.34375598702529775
3.55391870334
0.6287890923908035
2.06027222884
0.43003781342015895
3.50030697367
0.2639075297885431
2.95847083549
0.3308891377903265
1.99534902049
0.5471259847331278
1.42864333831
0.33154884972769727
4.2801378892
0.7196336367666023
2.12399786739
0.4245292530200531
0.658638124042
0.45364718477457266
2.62008715109
0.5391770728270773
0.445755275993
0.7400844971646928
3.44481289204
0.3008026851629087
2.69386943438
0.44946007173492003
0.0142036224478
0.7336559610636544
4.17532006503
0.36683921984584655
3.5212202765
0.6796209077963831
3.53827470943
0.7453353154773567
2.65165644725
0.5486558928943301
0.657517272391
0.6043966279489312
4.76791784029
0.2782743881985994
2.66871413554
0.6105666437371898
4.06554226795
0.6524421441331507
0.859059934066
0.3967551838997646
3.64623541605
0.5312438782568243
0.00699213826117
0.41540830435398735
3.74810392351
0.3524422167805685
4.5621675468
0.4301793379413086
3.33060529994
0.5243047747061336
2.91004404471
0.4538793293543677
1.11943948096
0.4224643759075285
4.15815238611
0.6869370673929518
2.86222390383
0.42139908115060515
3.60276501581
0.6927908807751741
0.519990345445
0.46075722634056376
4.8695961759
0.34497903235548544
1.62960912779
0.36933575247096045
3.48508448926
0.3183469478831442
0.644743880193
0.7168830802297869
4.01327465749
0.6472300184332148
3.49202917692
0.4551267291940417
2.30673055613
0.6899828219869719
2.17975967039
0.5447409123236406
2.08600238926
0.45257011457124613
2.09839788034
0.45413672880795936
0.82417527763
0.42167316196271454
0.174491541638
0.5224959695623821
1.82653115284
0.7236911810658888
0.54692793287
0.502445781384089
0.0391670173146
0.6119726163242355
4.13116321653
0.6670790545038439
1.86017639959
0.4028441986843459
4.3132390784
0.4276662965808078
0.870893810606
0.7068525649732489
1.79778425586
0.3623186727157896
2.91315318206
0.5588107209041474
0.286376024382
0.5012368788399233
0.18453488394
0.2594713214503407
2.94300757839
0.42071793251695117
2.06519304217
0.25551971037369964
2.18828665981
0.5153269587156404
1.83158463254
0.6499570211190648
4.06078409906
0.6721111858749709
4.6384073622
0.6365377647098256
0.161219706672
0.46861928651420354
1.73186650607
0.472947435813894
3.41013279477
0.6840358675881013
1.95271918734
0.5056605857752277
0.364583785162
0.6974072245108294
1.3422059441
0.5062250802473639
2.40787437938
0.4991416140158942
2.02542725842
0.6942509419302058
0.102179361852
0.2734557554026183
1.44667179399
0.7423589227422678
4.10178196305
0.5979529346915329
1.61380330411
0.4731271762629499
1.07944382063
0.5393246404448246
3.36942780456
0.7111242221618502
2.273556913
0.3569116899559445
2.32673651073
0.4660321233390684
2.26760619383
0.644200020456761
1.49003252811
0.6229721047872318
3.54135721275
0.6325740844593554
3.02268701981
0.5318089173322107
1.43608063473
0.4926877261705464
1.14212120235
0.7352024099502075
0.50009288999
0.37407752912087894
0.466363632829
0.3631022935074356
4.60981461298
0.3722025357077254
0.395099829733
0.6074392846125568
2.01981712573
0.5374911234443828
1.15301784066
0.5324150517143629
1.35039347112
0.3506731195602348
2.35464753295
0.6252167467784285
4.07260332683
0.3533330204896883
1.81794356621
0.3006502541177719
0.82578238728
0.5247706524206157
4.86117820315
0.7146050590165154
1.78833640653
0.47941851127861285
2.03776516521
0.4515132705933111
3.48271596338
0.42454759792958585
4.15576530154
0.5586391268291284
4.5304184453
0.3599737058891488
4.94851572504
0.309719370601491
1.51126259378
0.4555853193759629
1.76913659314
0.5906877428259005
0.756968669828
0.39726378120040445
3.67658695292
0.49489037464770014
0.867356480155
0.3536714218376162
4.98103061208
0.6884098921072278
1.08293081173
0.7374110082463253
4.90966529852
0.6589560237078893
3.70894234686
0.5073065766423719
3.91201868496
0.5282457569484291
1.04601331815
0.3808839316934804
3.4230164074
0.3749894946683953
1.6956288428
0.33816130522320037
4.42425123351
0.29072780224912737
4.44032168233
0.464244143952186
1.4346162609
0.600738054134196
4.98417275421
0.4928095261153467
4.30630468922
0.6179184846290158
1.08792787551
0.6578801578267437
3.20148974303
0.6041001190356656
2.93357756042
0.6186556626025453
1.31398535473
0.7445251400472532
0.711577836049
0.3683909001702836
4.26469309392
0.487785706351884
3.11493072007
0.6979541394631081
4.22882421014
0.5135087043389521
3.81554910474
0.5019754670140338
2.13716383875
0.444380565106982
1.47245409052
0.600999771857347
4.331644888
0.6857783940341622
1.53303519123
0.7206247797531644
4.05366920413
0.5620639883454441
1.52536230606
0.3402581328510775
2.16395587077
0.6429530124863092
1.68455680369
0.26216362453196934
1.13202254378
0.6622194686138085
3.23767832344
0.2868125488352774
0.715383383765
0.7303548628670806
4.0045661244
0.2814792335096509
3.7857648822
0.3087873393548173
2.85541514661
0.733886700310324
1.98098638513
0.7272654448301064
3.28512267363
0.3917856176185877
1.28126123283
0.2602125203872475
0.245632926267
0.2559682224243247
2.49479012057
0.5838676873890232
0.134429047363
0.699103184693169
2.49094877485
0.6798206840856886
3.67171676929
0.507980576661633
1.95862236789
0.6762266165085655
2.11263939442
0.684415664383625
0.432563309638
0.31951321224228624
0.237225504354
0.7417287859837632
3.47597338705
0.4571499385839098
4.78056638418
0.7426687062678736
2.31784481147
0.4441570607396225
1.88192817648
0.6987058540268851
0.127275453142
0.2604423333188601
4.30109169692
0.4338295965219402
0.189069203716
0.3900256038202391
3.97597290776
0.6927409582873059
1.08788498204
0.45921211897518444
0.229741101126
0.4621448393648735
2.59659745559
0.7229645981588044
4.3864355679
0.5132758944099431
2.40498909291
0.6224562454161935
3.73545762333
0.7168236614408017
2.90310526395
0.26047724084939294
0.773778410756
0.39203833582679304
2.0793247006
0.7067257548750165
1.42772071342
0.6189125952380894
4.85939907794
0.546781367484255
1.98536941519
0.552073330278456
1.5667712136
0.44338520312147656
4.77056808502
0.532128355644164
4.46679269484
0.45010724965045024
4.881459808
0.45096959640717565
2.26515369374
0.4218348578351872
1.06534076421
0.5608713522219898
1.41249075573
0.41459030890070514
4.0959910008
0.6553959524750893
1.00920223298
0.3982022774381482
3.47595353841
0.3818297160169947
2.57610272754
0.6027178114910812
2.67260808125
0.5528123943942944
4.58033364194
0.3432423568252715
3.61000516977
0.4268808252163881
3.09914405044
0.2825468317117718
0.41679362237
0.5111390886343077
3.51860089213
0.5560333177484675
2.82202286353
0.4239662823931577
0.609564894798
0.30154538166783024
3.04731138031
0.5660784432446012
2.48675250152
0.6548772601160449
1.35777163953
0.73957487067283
4.70157859608
0.45629875731728625
1.77830155002
0.5067854586340261
3.53486962672
0.6604917638022803
2.60736871272
0.5532050800708601
2.74554724425
0.4271498238234432
4.16386697746
0.7142336904526262
2.05129280915
0.3217966077765167
4.122600074
0.501812960034022
2.07910462878
0.29688626361024556
3.67594848953
0.6928369787168476
0.056456893927
0.47036686974700004
3.42767910878
0.45363957567656066
4.51740839445
0.5779599021845866
3.0453364749
0.34303669848149926
4.39285305589
0.5209864548051605
3.77856790619
0.473590254766746
2.04062269358
0.44664154627671837
4.85981815931
0.7479438992075185
4.89134334991
0.6111547751316698
0.0538058190729
0.5940850984226538
2.77537642846
0.7405204342160057
3.70587354563
0.6403836647362027
0.684560045221
0.3192097386968191
1.38929940208
0.3294784078972512
2.13587264192
0.6164442624091926
0.903631736392
0.46232479163101453
0.254715457411
0.5191487326776847
2.81668302146
0.4394620065232223
3.66591303815
0.6577025205258568
1.20976215145
0.2648195396010401
4.81089225055
0.2947575990461018
4.1081824601
0.6472745944726586
4.14857087289
0.3555843396744099
0.661324267167
0.5762805310041514
4.64492556793
0.7211932066953592
2.66234854401
0.6286582901494177
3.40714218511
0.2607137223264095
3.6525021458
0.6865217566828066
4.68057383332
0.314696278611593
4.33786924359
0.29439544709061505
4.01099455079
0.4583617563085414
3.51004410181
0.7232435094962358
4.5716256255
0.6701358914577207
2.87252379878
0.5855373912395587
0.386542617078
0.5773462164237881
0.0653983104518
0.5497033087281828
1.93199221187
0.40497443397734195
3.07583489713
0.5956590873730923
3.326592654
0.5093178379356353
3.39111650778
0.4989280504974092
3.55921614577
0.4625223927773055
4.4558512542
0.5588895967259078
3.87984090818
0.2918071754771802
4.08087833396
0.5133061472569096
2.28264769457
0.4814978151438916
2.5704476189
0.4665657741745013
0.300388895102
0.5021270736123415
4.26030293586
0.5695734124040176
0.781300019681
0.737510897495766
0.163155711328
0.6507620598721272
0.546981875382
0.7337513409919783
0.495522617093
0.555816714726505
3.66730455272
0.47043806784285425
1.40995519942
0.430158289928777
1.65974375689
0.7183192387417917
3.02226186767
0.44550768191197015
2.82686654539
0.33512064287065324
3.16017121833
0.40320780347184126
3.06017208413
0.47972224594863466
4.31634679111
0.3406115718952548
1.17389686976
0.35436139176743886
4.33707149499
0.5014859278347336
4.50881783563
0.7100802058448651
2.1391823545
0.3346753593563354
3.6891332727
0.6785791374982948
0.557426100303
0.27128858561613517
2.73367523126
0.7277640323461623
4.418700149
0.7101007672762151
4.45856336602
0.3832837085660798
2.80350500221
0.5857948299653066
4.60771049138
0.3515352230664373
2.07924759565
0.6798229096598145
0.725323690249
0.5737132807168609
3.43797203226
0.28298578258830404
3.05184660295
0.5550515860568546
0.734512210426
0.7076017244771702
1.4259525863
0.4154112711663474
4.35795073404
0.34171327592151146
4.04865357532
0.5555774388328389
3.77972695831
0.3060903514078787
0.142849619026
0.4640011842986289
4.74728279833
0.49598084158636807
0.147557208194
0.5988437169497816
1.00717681586
0.3838530807729643
2.15146194278
0.6140643281664404
2.82767634841
0.39180482247371173
4.72968101794
0.5339246007633944
2.34056970832
0.3514940625900537
3.5035631923
0.36124827726403136
1.0468705448
0.47527921370741
0.0639097771449
0.5154658216966826
1.15119769155
0.7451372823421158
4.97458642469
0.646277886902817
0.630778023532
0.4520895000766941
0.482150562165
0.7390858282418971
4.99806700784
0.2669446974488102
0.31175265392
0.5921546085582827
3.75931558873
0.618152192790043
0.0892484398471
0.653513894182852
2.56340009741
0.2806823567273678
2.20784324642
0.6633964234546272
4.49450029414
0.5897749429101677
0.374515673638
0.449340456830772
4.77334490212
0.4317155338642619
1.91699237001
0.6554479142204177
1.95949333444
0.6608673403561942
3.51157299622
0.2870270567153751
4.92835676856
0.32372481168859285
3.42941228489
0.6981982258865216
2.89900943992
0.5470766316668592
0.523489656252
0.43928482818972275
4.78686595546
0.26645611624286725
4.57514112982
0.3549577949628049
4.2798937105
0.5853203136342631
2.40978824027
0.6237726229054804
2.39817562328
0.5539359468232585
4.33397768042
0.5957900017998256
0.823010596561
0.3361702031122616
3.54393020817
0.6949571090959612
3.83589412194
0.38153954373573457
3.07505590285
0.26802116756493227
4.79497067019
0.27297977634184817
3.3769534998
0.5685347017902138
1.83558661562
0.27932799792832713
0.498459646642
0.5868712087845337
1.48899540463
0.530737894095455
2.44246177852
0.2750759723834679
0.943928565157
0.5299622560878736
3.61109518071
0.3604776611903733
4.34486189043
0.41109984888867557
0.416610916294
0.28802150103714397
2.54256688875
0.45169830787748877
4.32958886992
0.4201914655712219
4.20528761694
0.6859463689665708
4.59241515032
0.4784763089435174
2.36058812425
0.5933481978052901
4.4578890306
0.609709052977813
1.38169659346
0.3657457203740369
0.390137584701
0.5731660803998766
3.04406897791
0.25873103595414587
1.33901347955
0.5987800773751877
3.28373585099
0.33619233967708334
4.33615198563
0.6870189239930454
1.61880856301
0.6804482774334997
4.8757187733
0.3515624413988763
2.84934618584
0.30884727954453833
1.45488385853
0.4647068422676895
2.46650832848
0.44470182268430336
0.360964401795
0.7373680691771765
3.36013855993
0.6394577838825046
1.36842284133
0.5426550703674342
2.70935471055
0.30968968251563783
1.37766045519
0.31396925806323756
0.739755067285
0.310235001694323
1.77631390208
0.5699810349436238
3.35109639843
0.48915586243638515
1.42255519888
0.5870179502598907
2.53526079313
0.6175226379923109
3.7489422592
0.6911753556604084
4.13379139033
0.3257487824487968
3.22711844719
0.27371687033932823
0.0354867410855
0.6579403524759939
4.88832424125
0.6918580165111637
2.71764958885
0.4452696993778574
1.92299660943
0.6727849721084
4.1117409134
0.6291239115876304
0.413488052459
0.43766195543731806
0.182108872559
0.47798159946055135
3.59524617996
0.6900408098281055
4.68228859148
0.6861848624253937
0.932271254719
0.7141523350304128
1.76674887002
0.48153665812061897
3.68805347976
0.6236830963479754
4.32619972111
0.46003401338193894
0.0991832092936
0.4755186519206864
4.57917687003
0.7341027031534221
0.490311590856
0.5354034279666022
4.87995683009
0.29468135886229824
0.379003734381
0.7481580031250435
0.468822566326
0.6319935978433282
3.82017649365
0.33045979716150753
2.65017593758
0.6059395576156719
4.13062023177
0.49518462785791
0.122456988538
0.30351224422914075
0.257960080835
0.6776921351581209
3.21720091949
0.6386600057059466
1.52398284883
0.3609158172043778
1.97391723843
0.418718118428155
2.83803816498
0.33701774816264807
2.93835835653
0.48627393708370137
0.326559132409
0.7304896377426531
0.785897813616
0.4225772056707245
2.69976233532
0.5182912538452544
0.817068976495
0.5309574462679512
0.637834791233
0.252049477011085
0.792169332109
0.6285622598509036
4.33917568656
0.6185676313707051
1.13124281847
0.34656607515476934
3.09414830201
0.5219601512033674
4.68392516891
0.696236627262215
1.58035877659
0.35792501781106895
4.63508388556
0.5561757807756607
0.697514624166
0.5256249332605024
2.71691574691
0.6919414661038895
2.80956092958
0.6676452261112373
0.96046278519
0.5903139301676219
3.06844177194
0.721981788912416
3.84016966775
0.5355356356031924
1.69351176091
0.2700815639453943
1.57781161333
0.49536549647394496
4.25056426582
0.3331803907500743
4.05308391719
0.3605175108580646
4.25145594945
0.41665121120457205
2.18215806598
0.4959334611007015
4.31622689707
0.6699172633076926
4.38478079063
0.5788986275125974
4.51073097585
0.7357940295191929
0.3330101251
0.6364893617679002
4.08286593006
0.4594958317283113
4.62388385693
0.631032920287468
1.45252555256
0.5450661208355159
3.24918576838
0.3871334398169084
1.14510791516
0.3376657251242654
0.903189616764
0.5332435316780102
1.28811778047
0.6437836053213851
3.5416881223
0.5948269661988088
1.26030339264
0.577357479374814
4.93005762739
0.36801801718699756
0.674661596362
0.41109964166722834
1.77615798536
0.3532252648779369
4.32332500268
0.36110464834239264
2.28323132803
0.584323476374687
2.32811223343
0.7421529100043884
1.67685387306
0.30473824181800013
3.35295287768
0.2788431335046881
1.4341718906
0.322506492400488
4.33519105983
0.60682816428769
1.92903548528
0.37072667640218016
4.46361364704
0.34547242222519237
0.705829982846
0.4894942771136921
3.55129531922
0.3308149041733821
4.97430114432
0.6438246533104712
3.40332333683
0.3889595776627221
3.32159110777
0.5365325443182625
3.8399962353
0.5176832949214532
2.12578259986
0.44842761846542484
0.0802709929821
0.6304060234901152
0.175626101488
0.6138465809885171
4.33905183713
0.3565120638919039
3.08269371901
0.7168764370556067
0.074230331271
0.5029709582008177
3.50387636432
0.5243741725121037
2.50346742563
0.2586379810879057
3.02235985021
0.5654595734655754
4.18288864928
0.4967713907106878
0.872860340204
0.621256591626999
0.348229640371
0.6257100852521982
2.17179285411
0.5513537601266068
3.54213493153
0.26250769010697655
4.32494779941
0.5111205628352762
4.25037387034
0.33543833759568475
0.766812587918
0.42626861291189944
3.96679622042
0.45105511126700254
0.684600306997
0.279427830332514
0.300103901986
0.7034519981993297
4.13436157209
0.45190326556376575
3.63042779538
0.40115825274979094
0.00505859888635
0.564999392702125
2.07937681448
0.32725926047468024
1.42585347881
0.39399419220258924
3.05969267901
0.3817129598776208
0.891741305152
0.700248298225002
2.22795823412
0.6778822700356304
2.96861273737
0.28259292003184744
4.12440750261
0.7432961480443308
1.00912606208
0.4199574060712839
2.44041781803
0.28094722493488533
1.09001826366
0.537101882532123
1.683462692
0.4740668623363449
4.94894385774
0.6250280272517733
4.01677949807
0.6803073835357403
2.15136208744
0.4610451868181685
0.297996925415
0.5273486162098171
0.144346556552
0.6947852586504815
2.13548466773
0.49770648497648456
3.12788843365
0.26038370691437984
0.401012541733
0.5657420918196252
0.371933941333
0.31051689832571394
2.69073862406
0.41189288987542416
2.65128284494
0.32058836132817675
8.77594111118
0.7077618535599184
9.42267690942
0.478951665650241
8.22017893205
0.601782081257936
9.9700891306
0.5109531717018976
8.09760408178
0.2664765490231397
8.18850352343
0.5094950128819071
8.49811167237
0.29256947854290344
8.39171297519
0.39812693119195747
9.91316199464
0.6507675310930905
8.34504759441
